686 Kone 0444444444 44 844444.

1445.

8· Ml· ’5474 114 4 4444414 144444144411114444444444 144 11444448, 11441441, 844414444,
11444444 48 44444448 44441 1144444 1 4414444 44414444 8444441144444 448444444 0444441444
, 41444 4 844414444 1442 44444844144444 mod, at de, der sejle 4111444441 48814444,

414144 41144 44144 4444444444 444 panderes 144444. - Des 44444844 44 444444. (1141144441.)
1144. 1114814444444 (14444444 44 4444441444 14 444 4444 44441414. 11444444 1. 181,

19· 1114111- ’5475 1141444 414444 44444444 444 4444144 044444 1148444444 844444 444 11414444-
hausen om 444141444448 84114 4414144144144441441444444444 44444 4811444444 4444 441
at 441414 4144 [144444444444 4 1144448 44 41144848144 441 (1444, 44 4444 4484414411448844144

1411. - 1144 4441444844 4441414444. 4144444441.)
844114, 1114448 4411 81444414441444 historin 11. 307-808.

25144411. *5476‹=3153>. 4144 11444444 444 44 844114, 814441444444 n. [1444444444 S. 54 4444 3, 211441. S. 57
44443

7· Apruls. ’5477 04144 44444444 411 11411411, 1144444, 14444 41 41114 1414484444 444 4141441444
4144444444, ,14441144444411414444144444444, 444444441444444441. - 1448441414, 14414

quarta post dominicam Quasimodogeniti.
4111141444, 44444444444441444444144411.78-79.

1211411. ¹54781237463 1144444, Fam. 44444144441411444. 1, 8136-37 (med Datum: 6444444 ostro 1141144441,
14444 quarta 44144 44444444 44444414414, o: 12. 1141). [1444 Datum: 1141114144, 114444. 111844

11444.114444448.111.674-75.11414444,1114444444444414444144444411. 82114448),
1144 444414 8484444414 11144. 1. 55. (1414144, 1144444. 84114144- -444144, S. 140.

12. 11441- ’5479. 8144144144 144 11444444444444 4114444444 441 dem 41144844, 444414444144,
44 4414 44444 4444444444 4114444844) 41814444841144444444444 maa 44441414484484. - 1144

Ι4444444444 444 1444444. 4144444414.)

1144. 1 4411, 044441114814444 444 Charton 44 8444444444 44 444 4444 4444141 v. 11444444
1. 181-82

, 16- Man. ’5480Ι 114444 1144444, 1144444444 4 111184444444, 44144444 44 4444 44444841 41
81444 1144414, 444844 4114444448, 60 Μ441 14441 144 444444 11444 paa hans 1144444 (11444

1144844. - 144444444444. ’ 4114418444.)
24144444. d. 1444144 1. 444441. 414444111312.

27. 4¹4¹· ’ ’5481 444444 4444444444, 44 444444444444444814444444, 1144844, 4414444 44
444414444444 444414 1144 4411 444 4411444 444 444444 Μ48444 8144444 48 444 11448444
14844, 1144844444444 48 11444 44 4484 arbans 14484 48 41814414 ham Livet-Am, paa

Guths 14144444 4484.
41444444, 414441. 44414. 4.444441 18- 19

29. 11411· ’5482 144444 1144444444444444444, 84444 444444 8141, 44 8444484444, som ingeburg
leips skjadte sin 1144444 8814444, 4444 8811444 48 81441 4444 1 4441448144, 41 de bor

have 1444444 444844. - ’1444 44444 144444484 411444 Gudz 1484444 4484.
84441. 41114441 11444. 48148484. vl 28-28.

13· 11411· ’5483- 8444444444 4811444 44 1144444441 4441444, 44 Peter Gropengeter skal
444118 8144 11444444 444 8. 4444444444 41444 4 81. 4 14441414 41444 (14444, som 44 44148.
84444 4444 144 8444444 4441484444, 48 44 444 444444 111144 444 1441144444 444141. ..

11444414444441444444 viti. (Plattydgkfl)
zeitschr. 1. 844144448-114144414-444444. 114444. 111. 73.

 

