434 1313311313 Μ333331111.

- -.o—.- -—.-—--— *Μ -

1393.

‘3442 11333131131111 13 33111311 monasterio 131113331131113331 31111331 33313 111
11111113 13311331 13 placito 113333131131333131.
11111. 1 13313333, 3111111111. 131. 11331331, 11. 391311 113113313333331333113113313 1193 3241.

’3443 [1331313113 (3311331311 3331133331), quod [11311333 113113333333, quondam

3333111 111333333313, [1113113 31113 post 33113111 11131113 3311113 331133131131111 13311. ’
1111111, 333333133133 3113113111 3331331133 11333131. 1112-93.

13331333. 13113-1398.

*3441 13113313131111333 1 3111111 1113111131 (33313331113133 13131133311111131133311,
31 333 kun 331 131131 31 31-1333311313311311, 311 11133111113131113 33331113, 131111 han
113333, 311131 1313333 3131; 333 33111131 Paul Degn‚ 3333333333 133113133333, 111 33111
1 1313131131 31 111313 3131313113, 111131111131133131133311313331131113333 11. - 3133313333,

1111311 131. (1131111133.)
311113, 11111131 1111 3133113311333 31313113 11. 60-6213111 3111311111. S. 11111111).

1331. 1394.

6· 11113 *3443 (11311113, 113113131313311131 111313 31 11313133, 11331313113161313 11311311

111 11333313 33133311. - 1311331 11113, 13 der 31113311 111111 1133131113 daghe. 1113111333.)
31313333, (1331313313 11. 3131133333 u. 1111111-113331311. 1131131133313333133111111125-27.

16· ianuar. *3446 Em, Norges 113313 31 3131113 13113 1111111, 311131 1133113133 1 311113
(11111331331111131 1 3313113131 31 111313 113 11313133 1311 1113113 1111133 111. Arne 3113311113311
31 [1333113133 3313133313113 313313131133133 nu som 131333. -- 1113111313, 3113311313311

11331 31111 1113111113 11113333, 3131113 313 111113 13313 331313. (1131311.)
3111331131. 1131131. 11. 411-12.

17. 111111- *3441 1133333113 1311111313 praepositi 33313313 3331333313 333113 3333113313
(133333313313333333111. Inter 133133 nominatur: 3131133133313113333113, clericus 3133111-

censis diocesis. — 133313, mense 13333113 11131111.
11131131, Codex diplomaticus 3133333331133313 1. 11331113. 1111. 187-98.

1111111131. 3448. 3331313131 31113 1133331311 313311, 31313331 113 133 11113 3111113113 1
1311333133 13311 113 331113 Η3333311311311 1313311131 111 [1133313133 31 [13331311. - Thomu,
die 3. Prisce 1111.Ὶ - (1111311.)
11131131 1 113111, (1133313313 1113333333 Vl. 331331 31133 Datum). 1111. 1133331333333
11. 150.

¹ 1113311 3449. 11311131 1131113 3111111331, 1311131 1331, 1311331131 131 sin Gjaeld 31
110 31311 3311 111 31331333 3133113311 Η3131113311133 13313111 i 31313 1131113 33111 med
131311311113 331113 (1331113, (1313 1 33111113 3313, 11313 1 31131 1 011313 11311311. — sem

13113 13113 33131 b. virg. Μ3113. (Latin.)
Udt. 13131131 011313. 13133333 13113-1113311313 Ρ31131113313313111.265.

2111331. ’3450 monning 3111331133 3331131131 113 3311113 [1313131331 31 113 soregaaende

113313111131331113 1131131131. - Ν1331113, 1131311. 3. Μ31313 apost. (Latin.)
Udt. 1 3133311 01313. 1 31311333 11113-313311313 1311333313313111. 267.

 

