1111 11111 Em 11 Pomm.

1111111111 11111111 11111111111; 111111 1111 111 11111111 1111111111 1111111 1111 1111-
11111111 111 111111, 1111111111 111 11111 11111 1111111111. - 11 mm 11111 8111111, an

111 1111111111 11111 11111111111111. 111111.)
11111, 111111 1111111111 1111111111 11. 111-11

1 ’‘W'' ’111111 1111111 1 1111111 11111111· 111 111111 0111111 1111111111, conrad 1111
1111111111, 111 11111111 111 1111111111 111 [111111111111111111111 111 11 1111111 3111111-

1111111111111 1111 1111111111. ·- 11 11111 11111111 11111. 1111111111.)
111111111111111111111. 1111111111 11. 1711. 8111111111111, 811111111111111111.1. 161-62.
1111111111. 1. 11111 11111111 11. 111-111,

’1111111 1111111111111111111, 11111 11 1111111111 11111, 111111111111111111, villano
111 1111111111, 1111111 11111 11 11111 Μ111111111 111111 1111111111 1111111111. - 1111111111,

11111111111 1111111111. 111111111111111111 11. 11111111 gloriose.
1111111111111, 111111111111111111. 1. 111).

’1111111 1111111111 1111111111, 1111111111 11 1111111111,111111111111111 (1111111111,
1111111111, 11111111111 1111111, 1111111111 1111111, consulum, 1111111111 civium ibidem 11111-
11111111111 111 1111111111, 11111111 11111111 1111 11.·11811111111 memorata, in 1111111 rite

1111111. 1111111111 111111 1111. 1111 1111111 1111111111 b. 1111111 virg.
1111111111111, 11111111111111111111. 1. 161-66. ’

111111. 1111111111 11111111 1111 1111111 1111 11111111 de Baglonihus, domicello
1111111111, 1111 1111111111, 11111111 1111111111111 destinato, facultatem 11111111111111111111 1
111111111111111 1111111111 11111111 111111111111 11 1111111111 regnis debitorum 11111111 collectas
1111111111. 11111111 11111 11111111 11111111, duodecimo 1111. Octobris, 1111111111 111111

111111 111111111111111.
1111111111. 1111111. 11. 1119.

’1111111 1111111111 1111111111 1111111111 1111 111111111111111 1111111111 111111 detes
1111111111111111, 111 11111 1111111111 1111111111 811111111111111 han 1111 1111111111 6111

1 11111111 1 11111. -· 11 111111 11111111111111111111 11111111 11111111. 1111111111.)
1111111111, 11111111 1111111111. 1. 118-69. ·

1111111. 11111111 1111111111, 11111111, 111111 11111111 11111111111111111, huns Brodre,
11111111 1111111111 1111 111 1111111 11111111 111111, 11111111 1118111111 8111111111 111 Dron-

’ 11111111111111111111111111111111111111.-11111111,1111111111111111111111111. (8111111.)
11111111111111.11111111111111111. 1. 1111.

111111, 111111111111111111, 1111111111. 11111111111111111, 11111111111111111111
111 1111111111111, 1111111111111111111111111 1111111111. 1111111111 11 1111111111 1111111111
111 1111111111 111111111111111111111111111 eorum, 11111 11110 1111181) ῑΰ 1111111101 ⁸⁰¹¹¹¹¹⁰¹¹¹¹

1111111111. 1111111111 1111111. - 111111111111111111111111. Michaelis archangeli.
1111111111 d. 111111 1111111 V„ 111- m

1111111111 111111. 11111111, Ro 1111111111 1111. 111111 111111. 111111111111111111, hidda,
111111111111111111111111111. 8111111111111111. - 1111111111. die b. 1111111111111111111111,
18111111

mum 1111111111111 1, 111-11

lm* ⁴3:99. 1111111 1111111111 11111111 1111111111 uaniu- (11111111 in mmm,
111111111111 1111111111 111111 iu 11111111 buti {wi 1111111. videlicet jum 1111111. ι..

 

