1111 11111 Em 11 111-1.

“mi ’11121 (11111 8111111111, 1111 111111 Toum, 1111111111 111. 1111111 1111111111,

1111111, 11111111 1 1111111111 1 1111111111 8111 1111111. - amic, in 1111111111111.

11111 11 veui, 18111111.)
11111111 og 11111111, 1111111 11111 1. 511-11.

11. 11111. ’1121 11111111 111 1111111111 8111111111 1111111111111 1 111111111111811111,
111111 1111 11111111, 11 monning iiiargrethei‚ 111 111 1111111 111 111111 111 S. 1111111
1111111111 11111 122. iuli) i Aniedning 11 111111111111, 111 1111111111 mod 11111111-
hminum 11111111 111 1111111111. 111. ’31211 111 11 1111111-11111111811111111, in

1111111. 11111 11 Pauli. (1111111111
Simo, 1111111 1111 81111111111111 11111111 11. 11-111

11. 11111. ’3121 1111111111 111111111111111 og 11111 1111111111 111 11111111 1 11111111, 11111
111 1111111 11 11 1111 og Fogden 111111 1111111111 111111111 11111111 111 11311 1111111-
111111, 111 111111 111 111 1111 1111111111. - 1111111111, dominica. 1111 festum b.

1111111111 virg. (Pluiiydsk.)
111111, 1111111111 8111111111111111111111 11. 28-29. 1

11. 11111. ’1121 8111111111 111111111111111111, 111111111111 1111111111 8111, og 111111
1111111111, 11111111111 111 1111111111, 111 1111111111 Danzigi, 11111 11 1111111111 de iorgjaeves
111111111111111 811111 11111111 11 1111111 sig mod 111111111111111111, 111 11111 111

1111111111 (1111111. - 011111 1111111111, 11111111111111111111 Trinitatis. iPlaitydsk.i
81111, 1111111111 8111111111111111111111 11. iii-28,

i. 1111111. 'iiiiii Dronning 1111111111, 11111 1111111111 1111111, 1111111111 norgemestere og
11111 i 1111113111 11111111 111111111111111 1111111111 11311 11111111 1111111111111, 1111
11 1111 11111 111 iunge 1111111111, 1111 111111 111111111111111111111111. - 1111111,

11111111. 1111111111 1. 01111 1111111111. (Plaitydsk.)

811111. ming 1111 1111111111111 1111111111. iio-81. 011 11 liguentia 11111 112. 111111
111 111111111111111. 811111, 11111. 111111111111111. 111-1111111 11111111111 111 1398)
og 1111111111, 1111111111 111111 111111. 111. 1118.

111. 1111111. iiio. 1111111111011111 1111111111 111111111111111111111111 11 1111111111 ai
Siissiin 1111111111 11 11111111111111, som 11 1111111 11111111 1111111111 1111 111111 mod
11111 1111111111 11111111. - 1111111111 1111 1111111111, 111 11111111 1111 111111111111
Μ1111. (Tydei.)
11111, 11111111111111. 1111111111. 111-16.
‚ 1· 111111· ‘iiii 1111111111 1111 1111111111811111111 111 1111111111111 1 11 11111111118111111,
111111 111 11111111, 11 monning (Margreihei 111111111111113111181111111 811 11111 111
11111111 Ι 11111111 11111 111111 1111111 111111111111181111111111111111111111111 11111

11111111 1111111111 111 111. - subbato 11111111111111111111. (1111111111
811111, 1111111 1111 811111111111111111111 11. iii-3³.

1111111111. 2929, iiii. 11 111111. 1111811111 1 1111111111, 81111111 11111111 11111. 111, 1. S. 111-37,
1111111. i 1111111111, 11111. 111 11 111111 1111111111 S. 98 03 1 1111111111. valenti,
i. 111-111. ivit. 1111111, 1111 111111 11111 11111. 1. 111. 11. 111111.

ii. 111111. 2910, 1111 18111111 111-1111111111 11111111111111. 11111.

111. iiiiii· ’11111 1111111111 1111 1111111 811111111 11111111111111 1 11 11111111118111111,
111111 1111 11111111, 11 11111111 1111111111 1111 111 11111 1181111111111111111118,..

8111111111, 11 11111. (111111 1111111111. (mmmm
81111. 1111111 1111 1111111111111 11111111 11. 11

 

