678 Kosa cassinense 1301111111.

1443. “

1011111· *5402 013333333333 333 03133111 10131331 111333 111 03 1133013113 81130313 0330
3131 03 313333 333 11131, 3313 3111133 111 0331 31033 133331133 0313033330, 01. 0131

01313333, 33 01313131 03 33333 0313113331111033300113131131. - Beroen, 403 833033

31131 0333113.
Densis Udt. i Ttdsskn. Nor 111, 3. S. 47-48.

25 ituit. ‘stoa 031133 03311 31 8133113 331310131 033031 1 11131 111 31 sende 11030 111

1133003333 1 1131303130. - 83313 Urbani 03303. 1013113031.)
Neues 3133110013. Meg. 111, 107.

3· '⁰⁰¹¹- *5404 Annene 813113313333, 03133110130330313, seiger tii 313 01300313310333
0131130133 33 03310 333 0311113303 1 S. Petri 8333 111130330313. - 1133311313, 13113

secunda 31311. 33311331331 ascensionis Domini.
0. 11131333, 013033031330131331313111113 11. 14-15.

17· sunit. *s4oo Vidisse, 1103130131 03333333133 33 0113 1013333333, 31 33 0131333133131
31311313 01333133 1131313103 33 0133 13033333 31 8133113 31311311 1406 11111. 111. *40111 -

033 1113303333 131 331113 13033313 0333 033113133. 1013113031.)
83103113, 01313331311331 0133303133133 1. 001-11.

1511111111· ‘ *5400 0333333313333 iason 11111313 01330113 0131113333 131 40003111 ovensi,
som 03 03103 13331 0333 3103113 030310131113 00031113133333, 113 0311 3130133113οο 8131
33311333001131311313 113333. - 1113, 031131313133131. post 1331313 3. 131133313 baptiste.

0111103333, 03301. 1111 01313303 01111131· 111. 30. (smum

28·¹1¹n¹¹· *stoa 11333 (1333131133 31131 03 0313313 1 0130330313, 3313 313 033133 313

013013333313 333 013331, 3031111133 031113030313130 Heneyn tii 831331 ai iijod. -- 13 castro ι

nostro 1131133311, 13113 sexta 13113 3313133 33113113113 b. iohannis baptiste.
0. 11131333, 1130330313301313131131111131. 163- 64.

211· tuna. ’5108 031 31333113 1113311113 1113331 111033333113031333 83303030, 3331313 1131333
111 111303 13131 1331313 113311331 11333 0011313031 33 11333 01111, 3131 033333 3300013303

01313130. - 0111313133, 1333 311313 031313 1303 03311313 033113. 1013113030.)
sono, 010133 tiit 8133013311333 01313113 11. too-301.

3111111· ’0400 031133 03313111 31 Pommern etadiaesier 3130 11333 0311 31 0333131113
8331131113 813033 033-81333103 0011133131. - 1111311 8131331111, 03313111333311333 013333 den

33013 03333 visitationis 0111111303131131113111331331333113333. (0131130311.)
schoettgen 31 11133313, 01313311113113 31 scriptores 01113113 normanna 111. lot-108.

4- tuin. ’5410 1111133313333333 8131331133 31300313 ide 3133313 0133133033 03331 33 03
81333333, 013331313 Nioiesson 33 133 0313333 io: 1131133331, 31 03 0313133310333 01111
111 at 1313 31 33303 033330131 111 31 01303 1 0331331101311301330313313033122. 13111 33
111 31 gea 130 333 33 8111313130 1330 3113 113 01331, 031 31131 1313 130111 4 0331 31131 31311113
033. - 113103 3303013313, 033 03333103333 33 3333113333111331133 0330 vysytasyonys.

(0131130301
sayna. 1110133 1111 8133013311333 0131311311. soa-303.

tonitium. ’.5411 031133 013113 3311111133 1118131113 13. 31. 31131 111. Sinon 03333 1111 Lejde
i 313303303. - 1303333113133, 033 3013311333 131 33313 Μ313313133 0333 031 011333

1333113333. 0111110311
titt 1 1113 Densis 13311113 11. noi.

 

