Κο10 0101.

ma ’ lffist-

01111· ’3202 11001111 10 1110111111 810001, 1110101111 801101101 31011011 80110131111
111; 103 1101 0110 110111 10110 11010 11111101; 811110 bor 01101110 1013301 801101, 1111 11010
111 11013011 10110 011 11110110 1101 101. - 11111νὶ011011, 110 b. virginis 1101011100.
1111111111.)
111111101011011. 372-13.
¹0· Febr· ’3203 011111 111111 1110 11 101111011 episcopum 81011100010111111101111110011111
omnium reddituum 00111111111001011 10 103101110ἰο 101 1101 11101 ab 00 11130111. -

101111, 111. 1101 Febr„ 1011111οι01 00111111101111.
11101111. 1 1111111111118101111311 V· 861.

21. 10111. 2778, 11011111100, 11010110111 111, 11011. S. 57--58 (11101 1111111101 11113113 01 1031101 som
13311). 1110101101, 011011011111011013 11. 349. 81110111, 0111001111. 1101100130110
1. 128-29. 110111 11101 8101113 01110111 Brev: 81111. s. 129 30.

Ante 3204. De i 1111001 10110010108110110111111111111011111111111 110 0100111110
1201001001ηο1000101001ηο00οω11100

sager. — 0101 1101011. 1111111111.)
1111101000110 11. 111-76.

1111111111- ·3205. 0111011011, 1110101111 101 1111 11011111 0111010 11111 1101301111 1 110111113-
11013, 10101 111111011111111 110110 01 Μο10 Μ113101110 1113 11311111 1 11111101 111 101111111103
101011 03 011 1111111131111110111110111111 101 0131111100 111 10 11110110 810110. - 1011110,

dominica 111110. (1111111111
110101010110 11. 378-80.

0. 11111111. ’3206 1111 11111011 11111011 8111011110 11111111111111111 10101111 11013 0101 00
81111111101111 1 10111030013 S. Jacobs 1113125. 10111, 1 8101011011011 1110111 1111100103
S. 01111 1113 (20.10111, 03 bede ham indbyde 101111 10 0011101130 3011311111 0311111111-

111011 111 1111111111 03 10131. - 0101 1111011. 1111111111.)

8111110, 11111. 11 01001111 xlv. 141-42, 1111. S 161 11101 1110101 0113113 1101101011 111
28. 00111). 0111001111. 1101103. 11111. 262. 111110110011011.381.

11011111. ’3201 111011110111110101 11111111 111011011110011111111 10111011 111 11101111
1101011111οῐ1 1101110 01111 1 Μο1110 111 1101111101εο af [1131110100 111 11110 Μο1101 111 ,10111110

- 1111111110. — 111011. Ambrosii episc. 1100110111. (Latin.)
Udt. 1 110111 01011. 1 81011111111-1101111011 101300000110111. 103.

11111111. 3208. 0101, 101301, 11011 03 0011110031, 111011111111 011 01111110 1 1111111111
030111111011111103 111111 11011 11111111110111111 01111110 1101 1111110 81111 1001 11

11110 11103001. — 0110, 1111101010011311, 1101011 11101111111101101031. (Norsk.)
mplomntar. 1101113. 1113110-51.

1. 11111. 3209. De 1110111111 8111111 1111010110111111 11011110 (1110101110101001, 01 de
01110 11110 10111 3110 011111318111, 11011111 1011110 sende Β11011111113113010 111111 111011,
101 01 10111 111 11 101101 1101 11013 0101 03 0101111310 11110130 1 110111131013 8. Jacobs

1113 121. 10111. - marienborch, an dem 1130 11010 1111111013. (1111113811
110111001111 111. 201-202.

211111- ·3210. 1111011101 Μ10101 1110111 1101111001, 1111011001 Ρο111Μο11 1111111119.
110111 03 hans 11111111 11111 11110 11111101 111 101110 0011111101 1113010311οεεο 11111101οῃ

 

