111111 Ε11111 Pomm.

—.—- - — . --. --.. --...-—-— ffl-———-

*4203. 1111111131111111111111 111111 mod Forprang 13 11111111 as Bonderne

1 's ο
pm Lanffland 11111 1111111111, 011111.111111111111111113814. 1111111113111111111131111
1111111111 11111111 11113 christophor. 11 111113 111111 1113113113 1111111 11311. 1111, 1111111447.

‘4204 1113111111 111111111 11111111 1111111113 1111111111 1111111111.

1111. 1 11131111, scriptor. 111. 11111111. 11. 397 og 1 1113111111 111111 1111111111111
1193 S. 241.

1410?

’4201 (1111311111 111 1111111111 11 11 1 8111111111 13 11111111 1111111 Μ11111,

11111 11111311131111 11111111 11 1111111111111. - 11111 111. (1111111111.)
’ Granum, 1111111111 1111111111 ΙΙΙ. 196-17.·

1411. 1411.

3. 1111111. ’42061 11111131111111111111 1118111111 111111111131111 13 11111331111 1111111111
By 13 111 11111111111111113 1111311111, 11111131111 11111111 1111111 13 [1111111311 11-

111111110111111111111111111111131.-Ι)11111111111111311111111111111111. (1111131111.) “
1111111111311111111311. 1111. 100.

3. lanum. ·4207. 11111131111 1111111111 1181111111 11111111111311111111 1311111 1 1111111113
1111111111 111111111 monning Μ11311111 (1111 1111111 1111 1111111111111 1111111 13 1111113111
11111111 1111111113, 11111131 111 11111111 111111311111111311111111111 0111111111111

11111. - Des 11111111111 1131111 vor 11111111. 1111113333.)
81111111, 11111111111111 1111111131111 1115.

1111111111. ’42011 111111, 1111113 11 8111111, 13 1111111111, Η1111311111118111111, Grev Clavs'
1111111 11 11111111, 1111111111 ssyen 13 5111111 11111111 1111 1111331111 111 1 1111111111
1111111, 8111111 13 111111, 8131111 Qweerne 13 81111111 1 11311, 11111 1111113111 1
sladen 111111113 111111 811111-11113111111111111 13 1111111111 13 111 11111 11 1111111
111 1111111113 Μ11311111 pua 5 111111 3000 1111111111. - b'ppe 111111 1111111111 11 Damnye,

1111111 1111111 vnde 811111111111311 der 111131111 111111111. 1111113111.)

1111111111311111. 1113111111. 100—103. 81111111, [1111111111. 1111111131111 1. 170-78,
1111111111. 1 1111111111, 111111, 111311 11111, S. 1311-31 1111111113. 11. 191-98) og 1
1111111111. Seluk. 811, lx. 624.

omnm ¹4209. 11113 111111 13 1111111131111111111111111111 11111111113 1111 as 8111111
13 1111111111111, (1111111111 [11111111 11111111, 111111311111118111111, 111111111111111111
11 1111111113 1111111113 1111111111 111111311111111111 8111111111111. - 111111 Datum.

11111111113111111. 111311. xlv. 104-106. 11111111, 1111111111. 111111113111ἐ11ξᾶ11γ8ᾱ-8ξ11),

111111111111111, 11111. 111311 11111. 1131 (11111113. 11. 198).
4. 1111111. 3252, 1111111111 11111111111111, udg. 1111111111 168-69. Δ

2411111111. 3253, 11111111113111111,1113111111. 91-91. 11111111.111111111111111111311111.181-85,
1111111111. 1 1111111111, 111111. 111311 11111. 1111111113. 11. 199-202.

11. 11111 3254. 11111111111111111

81111111, 1111111111.11111111311111.186-13. 1111111 01111. 1 1111111111, 11111. fuges ,
1111. 1111111113. 111213-10.

 

