474 ¹ 11666 11661 11 16611166.

1398.

11110111· ’3616 111611661666611611611111163161116631611661111 118161131616113 616
(1161611361166 11661 6161111116 11611166. -611661111111166 116 Mamurram, 16 661 611116-

666666 nach 1111166111. 1136611.)
116131, Codex diplomat„ 1161666111. 16.

4. oeobr. *3611. 1116 116611 066116 1161116116 6666116661 111666163 1111316616 661 1166
1111166116 8661616361 6166 8616116166 63 66661 116666 16161611111616616111666116. -

11111616113,116 sante Barbare 113 661 heiligen juncfrauwen. (Tydsk.)
116131, codex diplomat. 1111111661 Vl. 79-80.

’3618 111666163111166111161616166163 6661616661361 iNordlandene. - Proxima

4. 161111616 festum 116116 1111116 virginis (6161.
116166-1661161, 1616111611611.563. Paua, 1131. 1616166. 16166136 S. 234.

2981 se *8608

’3618 1116611666 11611111, armiger in 161161616166, capellam 116611 16111 16

66616611 11661661 166611 6166111.
116111116361611, 86111161. 1611161611111. 359 63 1116311661 16116116 1161166166 17888111.

1399. 1399. Δ

31- 111111. 8614. ’1161616 6661666611 63 166111111111616611 11616116 1111661 irriga om
66166 1611116666361 6166 8161131161 1111611 11111111666; heri 61611166, 1186166166 11616 1161
6111166116 111 6611161 61 11116. - Creme, 666 11161366 16166161 Vrawen 1661661666,

6666 1111. 1111113661.)

116636, 1116, 111111- 6. 66111661111161 1111666661). 111. 312-14. 06 ’11666 re 111111.
16361166 S. 84.

15. Febr· *3615. 811116 mallem 11161116666161 63 1116 1116116161 par 666 ene 63 1111166636
(116166 1811663611 611 666 16666 8166 11 66666661 iNorre 11111166, 11166 63 1166116666,

som 616 1111116666661611611661116663616111166. - 8116136161, 6. 8136111661 61311. 18166611.)
1161. 1 8116111 11111-1161111611 16131666111116111. 863-64.

14. 1111111- *3616 11611636166116 11 8161113 6116166161 1113111161 181661136111116661 63 661113
6611161166111166 61616616 1166661. - (1611611, 661 11361366 161 dem sondage, 1166 1666

6163611 166161. (1111136111
“ 1661111116, 611666661161611663 11. 563-61.

14111111· 2987. 111166 61 1136131166 vor 6666 66661366, 1116 men 11631161 ludica.
1661111166, 61166666116611663 11. 396-96.

16· Marm- *3611 1116 116611 066166 11611161111116111161 11663 (1111661111 11816113 6631116666

116166666661616611166. -— 1161166661361161166111616161666113166161. (136611.)
116131, 66661616166111. Prurslrur vl. 86· 81. -

rnre *3618 6166616311116611111111611161611111 6111666161 161166 16161311166, 16113661

¹· ΛΡΜ· procurator« i 1116113, 111166 1161 6161161161113 med 11666 61611661 63 81666 81616 om

0161311616661166 11 dem 11661116 816116, 63 11 1166 6661161 1116661 6166 111616116661661
86666666 66611111 116166 111 Vor 1166 1113 1 6611 18. septbr). -- 11666 1111616.

Styra, 1116113 6118166616111661611161111168-60. 061 1111661111. 111111116116116ι1Ρ11.ἶί :gd-⁸33)

 

