11010 (3111101111 11 11111111. 689

1445.

1111111101 1111111111 11111111 11 11111 1131113 111 11111101 111311 88111
ι 101 11111111 m. 11. -111111111111

11111. 1 1111 1111111 1131111 Vl. 25.

. Kong (11111101111311111111111111111111111111 1 sine 111311, 11111311 111111.

lw. 1101101111 11010311 pro navigat. 11011111 S. 19. 11011111111111100110111110111.
11011011 en 1111111 111. 114,

. (111111011011 11311 11111111 110111101111 11 101111111011111111111111 1111111-
1111111 1. Petri 1111111111111.

1111. 1 81111101. 111. 11111111. IV. 341 03 1 programma 111011 11110111111784 8137.

1446. 1446.

5. 1011111111 03 11111 1 1111111 1111111 1111111 11 11013 01111101111 1111111.
rev til 111011113 1101011111111498), 1111111111111 01111113111111111111 ,
111 1111111311 0311111111 111 13310111111 med Begjaering om, 11 111 1111

11111 101 dem. -— 11111111131111111 111311111111101113111311. (1111131111.)

[1131011111. 1101113. vn. 426—27. 1111111111. 11111111. Nor 111, 11. S. 49, 1101911111

11131111 10111 1011113 11111 1101113 11 11011311 111 13. 1111111. ·

17. 11111111 1111111111 111111 1111111111, 1111111 1111111111, 1111111111 831101 11111111.
1101311 1 1111111111, 111 111111 1111111 1111111 111113111111 11111111 11311
n 1011 1 111111 11311111811111 110111118031 1 1111111111. - 1131111111,

prox. post festum 1. 1111111 11111 1111111.
1111111111, 1111111111 1111011111111 1. 182—83.

55· 111110111111111111011,81111.11111111110311111111111101101.421-24. 111103 15, januar,
1111111. 111 1111111 1111311111, om 10111111 11101111 8. 319.

08, 111101 Ν1101111 11 8111113 1111111111011111111111 1111111101111 1111111111 11. 111111.
101111111111111111111111 111 10111131 [111 11 S. 10111111 11011111 111111 111

ln 10111111011 b. Pauli apostoli.
11111 1111. 1 zeitschr. 1. 811111113-110111111-111111. 0111111111111119.

509, 1131111111111111111111111111111101311111111111111911111,1111111111, 1111111111.
1111 03 1111111111 1111111111 1111111311011031111111 1 1111111013-11111

110 1111111113, 111 1111111311 1011111111111 11101111 111 11311131. (Plattydsk.)
zeitschr. 1. 8111111113-110111111-111111, (111111, vn. 14.

110. 1111111111 1111111111111011, 1111011111131111, 111111 11111111111, 11111.
1 111 11111311, 11111 1111 1111311, 111111 03 11 1011 1 111111 11311111 8111111
2 sogn 11111111111 (1111. 1111452). - 1131110111 11311113, 1111 111131131,
11111011111111 scolastice virginis dagh.

ο. 11111111, 111111111111 111101111111111. 183.

1111. 1111 111111 0111111 1111111111 10111111311 101 111 11111111 011111- 11. 11111.
1111111, Paul, 110111111 1111 111111 1111111 1701111111 med 11013 (1111110111

,3 1111111101. -· rapiam, 111110111111. 1. valentini. (131111.)
111111111111111, 11111101101111111,-1111011. 1110111, 11110111, (11101111 1. 324.

Dm, 11 811. 1· 87

 

