690 115511 (1555151155 11Β115511.

1146.
1⁷· Febr. *5512 11151 11551111 0555111 1151511115 15151555 1111555515 015555555151 at 5511535

1155355 51 1155111511 111 ikke 51 5111135Ν51351ο5 553511 1111111551. - 1551511, 55111555515153

5. Valentini. (Tydsk.)
1151. 1 1155151511, 155115515511511111.-5151551. 11155151, 11515515, 1151551111 1. 324.

23. Febr. *5513. 5555151115, 551355, 8151135, Damnatis osv. 115535, 5115551151 155 5111155511
15151 ,111315 1 111. 551111 1151511155555 11155, 55 1515155115 1555 ham 51111515151551, 53
55 3555 Μ555 53 555 55555 1111111351 5515 1151151 ham 55355155. - 8111111511, 5111 5115511111

5531155 1515155515 515555 55535 5 11151555 are rikis 1515 551535. (Norsk.)

111515155151. 1151153111. 569-111. 11111 11511515 messe· 1115 5515551 1111511111 511155, mon
S. Laurentii 1153, 51 1151. 111. 1531511115.

2515111. 5514. 5551555151 53 111111 1 1151551555 55115115, 51 5151155 Norden 111 8555155
1151 1151151 55 Mari 551113 115515 1 11555 115551555551155 (1511515555. ·— 15 113111511151515
55551511. (1151135111.)

zeitschr. i. 8551551113-115151515-115555, 551111. 1111. 11-15.
2111551. 15515. 115555155155 53 11115 1 1111551555 5511555, 5111155155 Norden 111 85115155
5511155155Μ511 551113 1155111 1111111511 11555553511115 dir i Sinden. - 15 1131115 51511115

55551511. (1151135511.)
25115511. 1. 8511155513-1151515111-1111115115. 55555. 111. 11.

21. Febr. *5516. Vidnesbyrd‚ 55515111 51 1551155 111555 51 (1115551555, 1115 1115515155 af
8151151115 53 (111115 1115511511, 51 Fru 85115, 11555 1555155115 5115115151515, 5151155
111. Γ15151515 Billa 5111155555 8511515 1 15111151 200 15155115 (1315511 53 155 515515155555
555 1155551 1115135 5551 5515511555515. - 8115515 11115, S. Mathiae 1153.
Udi. 1 Nyi 1111151. 1155511151. 222-23.
i. 1151111. *5511 115151515111115151155 1115555155 1115531155 Ν51111515155 1 55 853 5535555115
1155115115 1115511115 1151111 55351 5555 53151555151151111311115555 1 51111555. -815111551515
11151, 5555553515 51551 511151 151515 55555553515 1 15515555. ’ 18155511.)
1151155155, 1155111. 1111 11515555 1111551111. 79-8111 55 1151155 111 251511 14461.
12. 1151111. 15518. 11115 1111551 55515511515515115111555 Broder 11551151 Byiow 511555 Noteby
15555555111335555 9 (155155 111 Fru Philippa, 6151 115515 1151151, 151200 51551551515115.
Mari, 51551515111553511115551151115515151. - 8151115115, 555511 Gregorii 5555 5535 1

1553555515. 1811511511.)
111515515151. 1151153. 1.530-31.

11. Aprilis. 5519. 11511 115515 0551115 1151515115 heder 1155355 51 115515511 1115551555 et
almindeligt Forhud 11555, 51551 11515155 115111 115 55 115 1151515115 111351 111 115135155. -..
1151155555, 515 555153 5. 1511555115. 11511511.) ,
11111 11155151515, 111551551551155151.-51515111. 11151115, 11515515, 1151551511. 324. i
2111511111. 15520. 15153511555, 51 03115 1155111555 1 153551511555 555 3 5511115155 Thing
151555 15 555155 1 55555113 113518535 11111115 1151155 53 551555 151113 51555555 dem
1115515111 53 ’1115 111 111. 0115 1111351555 111]51555151.-[115]111111115111 unq), 1555 51115553.

dagh 11551 511151 Ρ555115 55311.
1151551, 11151. 55511111551551 1, 11151551. S. 12-73.

21. 1511111. ’5521 55111, iens 51555515555111115 1 1155555515, 5151515351 85115151 1111115
iden 1151515 3155 511 55515111155115155, som 11511555 Μ555 55155 155555515151 iiii-ken

15155155 8551555555. - Hasnis, 15115 5511115 1515115.
5111515115, 1555555155 515155515151111 11. 811-81.

 

