432 Kone 0133. 1133331113 Μ111333333.

1381.
22. 11111· ’32112 1111333 1 11313311 1113131333 11133331 1 3331113331, 31331333111131 111 31133-
333313 3133 [13333133 (1333331331 31113333 3331331333, 1331333 311331313133333333333

81313133333333 3133 11313133. - 13133133. 113313 magdalene, 31133133. (1131133311.)
1131333333. 11. 81331 1113331 111. 1132-33. 031. 333133111 333333333133111. 1113.

21113111. ’3253(;2Ἰ923, 031031313331133313333, 1133313313110131113333333311133 83-4. 113333, 031
333313 13113 11131. 2113. 11. 268 3313333 101311 133331331131131333; 3311331 133 1616
(0333133331) 333 3333 313 01331 33313.

¹ 1311311111· ’3251 1331113311111111113131331111311311, 333333133, 3133133333133 0313333311
333133331, 13 3133113 333 1133333331 13333133333313 11113333 1133133331 8131133, 3333 1383
3133. Febr. datas (313. 33.*3113), 133131333113331 1331333. - 8333333 13313 3333. 3313

1331331 3. 1333333311.
0111313113, [0333333333 013131331331313 1. 126.

11). 11133311. 2193, 1313, 83333, 11131. 311133333311111.189-90.

11. 111113311. Ι1121113. 113333 31 33 3333331313 8333313 13331 1331331133, 31 1333 311 sende Be-
13133333113333 111 3311333, 3331 8131113333 31113 331113 3133 1133331113 (1133333133) 133 Michaelis,
3333 3311333 133 ’111333 3133113 3131133333313 331 33131133333336333. - 1133311333, 13

33331133 1133333311. 1113113331.)
1133333333313 111. 369-70.

31. 1333311. 2797, 031. 1 33333103333. 1 8333313 11111-133313313 13333133333331 11. 141-45.

8311113· ’3256 3131333133 11111313 311333331331 111113333 113333133 1133333133 33 1133-
333313 11133133 33 03333, 1113331333 33. 13., 3313 3333 1333333311333133, 131331 1111333,
3331331111 03313331, 33113. 13331131, 1333333313311 33313331333333, 333 3111313331 ham,
33 13133 31313113 311 113311313 11311133133333333. - 1133313333331, 13 33313 33333 113333
13333 1133111133, 3133333 33333 31331. 1113113331.)

013133331. 1133133. 1. 311-73.

13333133. ’3251 1111333 1 8311133113 33313333 11331 313 33 3333311331133 31333133333 31
03333133 1133333133 31 13333 13313 1333333113333 33311333 11113331 33 33 3313133313
033333. - 033 333333133 33333333333 333 333 3333133 33313 1131333133 333 3113333
33331313 33113 333333113133. ’ (1131133311.)

0313333311, 3. 81331 11111331 111. 539. 1333111111. 1 333333333333 111. 311).
13833131. ’3258Ι 1111313 1 11131111 1133131133 113311 331 33 under 11331133 313331 33333 31
’ 03333133 1133333133 31 113333 13313 13311333113331 31311333 3113333 33 33 3313133313
033133. - 1133 3333331311 33333333333 333 1133 3333133 33313 1131333133 333 3113333

33331313 3333 333333113133. 1113113331.)
0313333311. 3. 81331 1113331 11. 331-38. 133311 031. 1 1133333333333111. 375.

21. 833133. 2198, 0333103333 1 111333, 11133 1133 11131. 1311111 11313313. 8. 241-111.

21. 3331113. ’32132 1111313 1 11333331 1111313333 Β331 313 33 333331331133 3131131 313333 31
03333133 Μ33333133 31 13333 13313 1333333113333 13311313 1113331 33 33 3313133313
633133. - 11333131, 3333 33313 11313333 3333 333 311333 333313133 vnde 333333113133.

urkundenb. 1. 3311 131331 13. 133-13. 3131311, 1 3311313313 111. ag 1111113311

5. octobr. ’3260 13313331331333 1331331313, 31133113 1311111113 31113333 1111331 31331313 1133.
1111133313 31333313 31 33133113 editum, 33 11113313 01331 33313 3333 1316 313 7. Μ311 datis

1313. 33. ’29263 —- 111 domo 1331111111 33311113 131111333111, 3133313 03133313 313 quinta,
01131333, 11333333333013131331331331 1. 126- 21.

 

