1316.

21. ianuar.

21. 111011.

21. laneae.

21. laeuae.

3 Febr.

19. Febr.

l. 1111111.
12. 1111111.

23. 1111111.

392 Κο10 Oeae.

2916. 1111111111, 1011 01110 0110 01101001 honingh·‚ 03 001103110111111111,
011111 03011101 1101011101013 10111001 113 med 01110101010111, 01111031001111
0011111 111 1151101 01111001113001111111311100 med 00111 111 03 [10311110. -01101111011,

11 11111 1301110 01311011 101113101 1100110110. 1011111051.)
1110111110, 011100111101011013 11. 315-16.

2911. 11111111, aler 01010 100 001 Wende loningho, 03 0111131110 11111111,
11111111 0311101111101011101013 010101131 01111110 010111, 01111 03 10011 110011111
011103001011 lylland 1010 115, 1113111110, 1111 01111, 01111101 03 00 3111111318111111. -

0110111011, 10 11011 1300110 daghe 011111113110 1010110110. 1011111051.)
1110111101, 011110001101011113 0. 316-11.

2918. 11111011, 1011 01011 000 011 Wende 10010311, 03 11111131101 11111011,
01111103 11101111 11101011001013 1111111111 101 30000 alara 11101111111010111, 01115 03
1001111 0011110 11110101 03 001151013 03 111111111ηο 11111100118111 (81110), 8101101
holding, 811010 03 8101101 hibe 11111 11003101 011111; 111 10111 01111011111011001 111
Fyen, 1111 001111 811011 gives 1001 Paul. - 0110101011, 10 10111 1300111 0131 011 heiligen

juncirowen. (Platlydala.)

1110111110, 011000111101101013 ll. 318-20.

2919. 11111111, 101101010 000 01101000 10030311, 03 0111031101 11111111,
011111 03 1111101 1100011101013 101111310113 111 11 101111110101111111010111, 01111
01111100111100111101 11100 1 010 11113, 1011 01 1111 100110103110 disse om 110031-
11311 01111111. - 0100111011, 10 dem 0131 101111301110 011 heiligen juncirewen.

(Platlydsk.)
1110111110. 011010101101011103 ll. 320-21.

2920. 01 1110151111 8110111 0111111103 om 00 111 dem (11 8111150001) aversandi
81110111 11101000103Μ11311110, 11011 111 1110011 00500011110 1101. 010010311000011111
03 01. 110111 11001510 1011 0131011 mallem 00131 03 81101101. - 10 110110 Blasii 1131.

(0111110111

011111101111 lll. 69.

2921. 111110111111111110111111011. 111511000101. Niale 0131100, 1110011, 111 111

0001, 1101011110 maalle ligge. — Faria 3. 1011 cathedram Petri.
001. 10101110131111 l. 260.

2693, 011111 01111. 1 81101, 0111. 11000101111111. 12-13.

2922. 810151111000311111 Breve 11 24. 03 25. septbr. 1251 (Nl. 911 03 ’3091
11003 0110111111 11211113. 1362 101. 2434) 03 11003 11111111 11 8111131 1121. 1011 03
21. 811111. 1368 (Nr. 2683 03 26911, 1111 111 811010 lampae, 11051001 110011011011 101

01001110111011111100111101, 01111101 0101111111. - 1110111011011011 duodecima. (halin.)

001. 1 1011. (lvere. l 0131111111001111111 10 0010111010 10 111 ouda 1101101 v. humpen
l. 60-61.

2923. 0115111111, 11011011 man hesluiler 11 svare del 010111 01351110 og
01110311110011 11 Μ10111010131 11110, 11 man paa 01100 11 01 1110511111 03 1111011-
101110 8110111 0111111111 maa 0151111001111011031100 om den 010111110011131113 111
10 01011013, der 1111 11101011 1 811115000 801013 101 011111101111011111 11811111, -

811011111ηά1, 000110101101111. (plastydm
liaaeereeeeae ll. 123 -21,

 

